Time
0.0013117890011926647
0.0006916440015629632
0.0009358289989904733
0.0007510850009566639
0.0006576939995284192
0.0007420550009555882
0.0009338290001323912
0.001342300000032992
0.0016782109978521476
0.0017959060005523497
0.0019823059992631897
0.0017005220015562372
0.0009333300004072953
0.0010673090000636876
0.0055003440011205385
0.003451089000009233
0.0012798019997717347
0.002398409000306856
0.0015816340001038043
0.0018241980014863657
0.004551318999801879
0.003656471000795136
0.0021104590014147107
0.0020175809986540116
0.005755674997999449
0.0212278359940683
0.0072928499976114836
0.002977649999593268
0.0030025900014152285
0.002824696002790006
0.5359881579224748
0.15418138901259226
0.005862488998900517
0.023369541004285566
3.6599733668954286
0.009726513000714476
2.5514478370350844
2.1343539669524034
0.06443027300883841
0.09055706298568111
