5 5 3 3 3 -1 3 -1 2 -1 1 -1 -1 -1 3 2 -1 -1 1 -1 0 2 -1 3 -1 -1 -1
5 5 3 -1 -1 -1 3 -1 -1 2 3 -1 2 1 -1 -1 3 -1 2 -1 2 -1 3 1 2 -1 3
5 5 2 -1 -1 -1 3 -1 -1 -1 -1 -1 -1 -1 2 -1 2 2 1 1 3 -1 -1 1 2 -1 3
5 5 -1 2 0 -1 -1 2 -1 2 -1 2 3 -1 -1 -1 3 -1 -1 -1 1 -1 3 3 -1 3 -1
7 7 -1 -1 3 3 -1 -1 -1 2 -1 0 2 -1 -1 -1 -1 -1 2 2 -1 1 -1 -1 -1 1 3 3 1 2 -1 -1 -1 -1 -1 3 3 -1 2 1 -1 1 -1 1 -1 -1 2 -1 2 3 3
7 7 -1 -1 2 1 3 2 2 2 2 -1 -1 -1 -1 2 -1 3 -1 -1 3 3 2 -1 2 -1 -1 0 -1 -1 -1 2 2 3 3 -1 -1 -1 3 -1 1 2 2 -1 -1 -1 -1 -1 3 -1 -1
7 7 -1 -1 -1 2 3 2 -1 2 -1 -1 -1 -1 -1 2 2 2 -1 -1 -1 -1 1 -1 2 -1 1 3 -1 3 2 0 2 1 -1 2 2 -1 -1 -1 -1 1 -1 -1 -1 2 0 2 3 3 -1
7 7 3 -1 1 -1 -1 -1 -1 1 -1 -1 -1 -1 -1 2 -1 3 0 2 -1 -1 3 -1 -1 1 2 -1 -1 1 -1 2 3 -1 2 -1 -1 -1 -1 1 1 2 2 -1 -1 3 2 -1 -1 -1 -1
7 7 -1 -1 3 -1 -1 2 -1 2 1 -1 1 -1 1 3 -1 3 -1 -1 -1 -1 2 -1 -1 2 2 -1 2 -1 -1 -1 3 2 2 -1 3 3 1 -1 3 -1 -1 -1 -1 -1 -1 3 -1 2 -1
7 7 2 -1 -1 3 3 -1 3 2 3 -1 2 -1 -1 -1 2 -1 -1 -1 -1 -1 2 -1 -1 -1 3 -1 3 3 1 3 1 -1 2 -1 -1 -1 2 1 1 -1 3 2 -1 2 -1 -1 -1 2 2
7 7 -1 2 1 -1 1 -1 3 -1 2 -1 2 2 -1 -1 3 -1 -1 -1 -1 -1 -1 -1 -1 2 2 -1 3 1 -1 3 -1 2 -1 2 -1 2 -1 2 -1 3 1 3 2 -1 -1 3 -1 -1 -1
7 7 -1 -1 3 -1 2 1 -1 1 -1 1 2 1 -1 2 -1 -1 2 -1 2 -1 1 -1 -1 2 -1 1 2 2 -1 2 -1 -1 3 -1 -1 -1 2 1 -1 2 2 3 -1 2 -1 -1 2 1 3
10 10 -1 3 3 -1 -1 2 -1 -1 1 -1 -1 -1 1 -1 1 2 3 -1 2 -1 -1 2 2 -1 -1 2 1 1 -1 -1 3 -1 -1 3 1 2 1 1 2 -1 -1 -1 -1 -1 3 -1 3 -1 3 -1 3 0 -1 -1 3 0 -1 -1 2 2 -1 -1 -1 -1 3 -1 3 -1 -1 2 -1 -1 -1 -1 1 2 1 -1 1 -1 -1 -1 1 2 2 -1 -1 -1 3 -1 -1 -1 -1 2 -1 -1 -1 -1 -1 -1
10 10 -1 2 -1 -1 -1 -1 -1 -1 -1 2 -1 1 -1 3 1 2 1 -1 2 2 -1 3 1 2 2 -1 1 2 -1 2 2 1 1 2 1 -1 -1 -1 -1 3 -1 2 2 2 2 -1 -1 0 -1 1 -1 2 1 -1 1 -1 -1 3 3 -1 -1 -1 1 -1 2 3 1 1 -1 -1 1 2 -1 -1 -1 2 -1 3 2 -1 2 -1 -1 -1 2 -1 1 1 -1 -1 2 2 3 -1 -1 -1 2 1 1 3
10 10 -1 3 -1 2 2 3 -1 -1 2 -1 -1 2 0 2 -1 -1 -1 1 2 -1 2 3 3 -1 -1 2 -1 -1 -1 3 -1 -1 -1 -1 -1 -1 2 -1 -1 1 -1 -1 -1 -1 -1 -1 1 -1 -1 -1 3 -1 0 2 1 2 -1 2 1 -1 -1 -1 3 -1 2 -1 2 -1 1 -1 -1 2 1 2 2 2 0 3 -1 -1 -1 -1 -1 2 -1 -1 -1 3 -1 -1 -1 2 -1 2 -1 1 2 3 2 -1
10 10 -1 2 3 2 3 -1 -1 2 2 2 -1 -1 2 1 2 -1 -1 -1 -1 2 -1 3 -1 -1 3 1 3 -1 -1 3 -1 3 0 2 -1 -1 -1 2 1 2 2 -1 -1 -1 -1 0 -1 1 -1 -1 3 1 -1 2 -1 -1 -1 3 -1 -1 2 2 -1 2 2 -1 1 2 2 -1 2 -1 -1 3 -1 -1 -1 2 2 -1 1 -1 -1 2 2 -1 -1 -1 -1 -1 2 2 2 -1 -1 -1 -1 2 2 -1
10 10 -1 3 2 -1 -1 2 -1 -1 -1 -1 -1 2 -1 2 2 1 -1 1 3 2 -1 -1 -1 3 3 -1 -1 1 -1 3 -1 -1 1 1 -1 2 -1 2 2 -1 -1 -1 2 3 -1 -1 -1 1 2 3 2 -1 -1 -1 2 2 -1 2 -1 -1 3 2 -1 2 -1 1 1 -1 -1 3 2 1 -1 0 -1 -1 1 -1 0 3 -1 -1 -1 -1 -1 1 -1 -1 2 -1 -1 3 -1 2 -1 -1 -1 2 -1 3
10 10 -1 2 0 -1 -1 -1 3 2 -1 -1 -1 -1 2 -1 1 3 1 2 -1 1 3 2 -1 -1 1 -1 -1 -1 2 -1 3 -1 -1 -1 -1 -1 2 2 0 2 -1 -1 -1 -1 2 3 -1 -1 2 -1 -1 1 -1 -1 2 1 -1 3 1 -1 -1 2 2 2 -1 2 -1 -1 -1 -1 0 -1 -1 2 -1 -1 -1 3 -1 -1 -1 -1 -1 -1 1 -1 -1 1 -1 1 -1 -1 0 -1 3 -1 -1 3 -1 -1
10 10 3 -1 -1 -1 -1 -1 -1 2 3 -1 -1 -1 -1 -1 3 1 -1 -1 1 -1 -1 -1 1 -1 -1 2 -1 2 -1 -1 1 1 -1 -1 1 -1 1 -1 2 -1 -1 3 -1 -1 2 2 -1 1 1 1 -1 1 -1 1 3 -1 3 2 -1 -1 3 -1 -1 2 -1 -1 2 -1 -1 -1 -1 1 3 -1 3 1 0 -1 -1 -1 2 2 1 1 -1 -1 2 -1 3 -1 -1 -1 -1 -1 -1 -1 -1 -1 -1 -1
10 10 3 -1 -1 3 1 2 -1 -1 3 -1 -1 -1 -1 -1 -1 2 -1 -1 1 -1 2 3 1 2 -1 2 2 -1 2 -1 2 -1 2 -1 2 1 -1 2 1 -1 -1 2 -1 -1 3 3 -1 2 -1 -1 -1 3 2 -1 -1 -1 -1 -1 2 1 -1 1 -1 3 -1 -1 2 2 1 3 -1 3 -1 -1 2 -1 -1 2 -1 -1 -1 2 -1 -1 -1 2 -1 -1 2 2 3 -1 -1 2 -1 3 3 2 -1 -1
15 15 3 -1 2 2 1 3 1 -1 -1 2 1 -1 -1 1 -1 -1 1 -1 -1 -1 2 2 -1 -1 -1 1 1 -1 2 -1 -1 -1 -1 1 2 2 2 2 -1 -1 2 1 3 1 2 2 2 -1 -1 -1 2 1 -1 -1 1 3 -1 -1 -1 -1 3 2 2 2 1 -1 1 2 2 -1 2 0 2 2 -1 3 -1 -1 -1 -1 3 2 2 2 -1 2 2 2 1 3 3 -1 -1 3 0 -1 2 2 -1 -1 2 -1 1 3 -1 3 -1 2 3 -1 -1 1 1 1 2 2 -1 2 2 2 2 -1 2 -1 -1 -1 1 -1 -1 -1 -1 1 2 2 3 -1 3 1 -1 -1 2 1 2 -1 -1 1 2 3 -1 -1 2 -1 -1 -1 -1 -1 3 -1 2 -1 1 -1 1 -1 -1 3 -1 -1 -1 -1 1 -1 -1 2 3 3 -1 3 -1 -1 2 2 3 3 -1 -1 -1 2 3 -1 -1 0 3 -1 -1 2 2 -1 -1 -1 -1 -1 2 1 2 -1 -1 2 -1 -1 -1 2 -1 -1 -1 -1 -1 -1 3 -1 1 -1 2 -1 -1
15 15 -1 -1 2 -1 -1 -1 -1 -1 -1 2 0 2 3 3 -1 2 -1 -1 -1 2 3 2 3 2 -1 2 -1 1 -1 2 3 2 -1 -1 -1 1 -1 -1 3 -1 -1 -1 -1 2 -1 2 -1 -1 2 -1 3 -1 -1 2 -1 3 1 2 1 -1 2 -1 -1 -1 -1 -1 -1 -1 2 2 2 -1 -1 2 3 1 2 1 -1 -1 -1 -1 2 0 2 -1 1 1 -1 3 -1 3 -1 -1 3 2 -1 -1 3 2 3 -1 1 -1 -1 -1 2 -1 2 -1 -1 -1 -1 -1 -1 -1 2 3 -1 -1 -1 3 1 2 -1 2 0 -1 -1 -1 -1 1 -1 -1 2 2 1 -1 -1 -1 2 2 -1 -1 -1 2 3 -1 -1 -1 -1 -1 2 -1 1 2 -1 -1 2 -1 1 -1 2 1 3 1 -1 -1 2 2 -1 -1 -1 -1 -1 2 2 -1 2 -1 -1 -1 1 -1 2 2 0 3 2 -1 -1 -1 -1 -1 -1 -1 2 2 3 1 3 2 2 2 2 3 -1 2 -1 -1 -1 3 -1 -1 -1 -1 3 2 -1 2 2 3 3 2 3
15 15 -1 2 -1 2 2 -1 3 -1 2 3 3 3 -1 -1 -1 -1 -1 -1 3 2 3 1 -1 -1 -1 -1 0 -1 2 2 2 -1 -1 3 0 2 1 -1 -1 -1 -1 -1 -1 -1 2 3 -1 -1 3 -1 -1 -1 -1 1 -1 -1 -1 2 -1 3 2 -1 -1 3 2 -1 2 3 -1 -1 0 1 3 2 3 -1 3 -1 2 2 -1 -1 1 -1 -1 0 2 -1 -1 2 -1 2 2 -1 -1 -1 2 1 -1 2 -1 2 2 3 -1 -1 -1 2 -1 2 -1 -1 -1 -1 2 -1 -1 -1 2 -1 -1 2 3 2 1 2 1 2 -1 1 2 -1 -1 -1 2 1 1 1 -1 2 -1 -1 1 2 -1 2 1 1 -1 -1 -1 -1 -1 -1 3 2 2 -1 3 3 1 -1 2 -1 -1 -1 1 -1 3 2 3 2 -1 0 -1 2 2 -1 -1 -1 -1 2 2 2 -1 -1 0 3 1 -1 -1 2 2 2 -1 3 2 -1 -1 2 -1 -1 -1 2 -1 2 -1 2 -1 -1 -1 -1 -1 -1 -1 -1 1 -1 -1 -1 -1 -1 -1 2 -1
15 15 -1 2 2 -1 -1 -1 1 -1 -1 -1 2 3 1 2 -1 -1 -1 2 3 1 -1 1 2 1 -1 -1 3 -1 -1 2 1 -1 1 -1 -1 -1 -1 -1 3 2 -1 2 -1 -1 -1 -1 -1 -1 -1 2 0 -1 1 3 1 -1 -1 -1 1 -1 -1 -1 -1 1 3 3 -1 2 -1 2 -1 -1 3 -1 -1 2 -1 -1 3 -1 -1 2 3 2 -1 -1 -1 0 3 -1 2 2 1 1 1 -1 3 -1 3 2 -1 -1 1 3 -1 -1 2 1 2 -1 -1 3 -1 -1 0 2 -1 2 -1 -1 -1 1 2 -1 -1 -1 1 2 -1 2 -1 1 -1 -1 -1 2 2 -1 2 2 -1 -1 2 -1 2 -1 3 3 2 2 1 -1 1 -1 2 3 1 2 -1 3 -1 -1 -1 -1 -1 2 -1 1 -1 1 -1 -1 -1 -1 -1 2 -1 -1 1 2 -1 -1 2 -1 2 2 1 3 1 1 3 -1 -1 2 3 -1 2 2 -1 -1 3 1 -1 -1 2 -1 -1 2 -1 -1 -1 2 -1 -1 -1 -1 3 -1 -1 3 1 2 -1 -1 3
15 15 -1 -1 -1 3 -1 -1 -1 3 -1 2 3 -1 2 3 -1 3 3 -1 -1 -1 2 -1 2 -1 -1 -1 -1 -1 -1 1 -1 -1 2 3 -1 3 -1 -1 -1 -1 3 2 1 3 -1 -1 -1 0 3 -1 3 1 -1 -1 -1 1 2 -1 3 -1 3 -1 2 3 -1 -1 3 -1 1 -1 -1 2 2 -1 -1 2 -1 -1 -1 -1 -1 -1 -1 -1 -1 -1 1 -1 3 2 -1 -1 -1 3 -1 2 -1 3 -1 -1 -1 2 2 -1 -1 -1 -1 2 -1 2 -1 1 3 2 -1 -1 0 3 2 -1 1 -1 0 3 -1 -1 -1 2 -1 -1 3 -1 2 -1 3 3 -1 2 -1 0 2 -1 -1 -1 3 -1 -1 -1 -1 -1 -1 -1 -1 -1 -1 -1 -1 2 -1 2 2 -1 2 -1 -1 -1 -1 2 -1 -1 0 2 -1 -1 -1 -1 -1 -1 2 2 3 -1 3 1 -1 3 -1 2 0 -1 -1 -1 -1 -1 -1 -1 -1 1 -1 1 2 2 -1 -1 -1 -1 1 2 1 -1 3 -1 3 -1 -1 3 -1 -1 -1 -1 3 3 3 -1 3
15 15 -1 2 2 2 2 -1 -1 -1 -1 -1 -1 -1 2 -1 3 -1 2 -1 2 1 -1 2 -1 1 -1 -1 2 1 3 -1 3 2 -1 -1 -1 -1 -1 -1 3 3 -1 2 1 2 -1 -1 -1 -1 -1 -1 2 2 -1 2 -1 -1 -1 -1 2 2 1 2 -1 -1 -1 1 2 -1 3 2 -1 -1 -1 2 -1 -1 2 -1 2 -1 3 -1 2 3 2 2 2 -1 2 -1 -1 -1 -1 2 2 2 1 2 -1 1 -1 -1 -1 2 1 2 -1 2 2 -1 1 -1 2 3 -1 -1 1 -1 3 -1 1 -1 -1 1 -1 2 1 -1 2 2 3 1 1 -1 -1 3 -1 3 -1 -1 2 -1 -1 1 3 -1 2 1 -1 -1 1 2 1 -1 -1 3 -1 -1 0 3 -1 3 2 -1 3 -1 2 2 -1 2 -1 -1 -1 -1 -1 -1 -1 -1 -1 -1 3 -1 -1 2 -1 -1 -1 -1 3 2 -1 -1 -1 2 2 2 -1 -1 -1 -1 2 1 -1 -1 -1 -1 -1 1 3 -1 -1 -1 -1 3 -1 -1 3 3 -1 3 3 -1 -1 2 -1
15 15 -1 3 -1 2 1 3 3 -1 -1 2 3 -1 -1 -1 -1 -1 2 1 -1 3 -1 2 -1 -1 -1 0 -1 -1 2 3 2 2 -1 2 -1 -1 -1 -1 -1 2 2 -1 -1 1 -1 2 -1 -1 -1 1 2 -1 -1 -1 1 -1 2 -1 3 -1 -1 -1 3 -1 1 -1 1 -1 -1 -1 3 2 -1 -1 -1 -1 -1 1 -1 -1 -1 -1 1 3 2 -1 2 -1 3 -1 2 2 -1 -1 -1 1 2 -1 2 2 -1 -1 2 0 -1 3 2 -1 2 -1 3 -1 -1 1 -1 -1 -1 -1 -1 2 -1 -1 3 -1 -1 -1 3 2 -1 -1 2 -1 -1 2 1 2 2 -1 1 3 3 -1 -1 1 -1 -1 2 -1 -1 3 2 1 -1 3 -1 -1 -1 3 -1 -1 -1 2 2 2 -1 -1 -1 2 -1 -1 2 -1 -1 1 2 1 3 -1 2 -1 -1 -1 3 -1 -1 2 3 -1 -1 -1 -1 3 2 -1 2 -1 -1 -1 -1 2 -1 0 -1 -1 -1 -1 -1 -1 2 1 3 -1 3 -1 2 -1 3 -1 3 2 -1 -1 2 2 3
15 15 -1 -1 -1 3 2 -1 2 -1 -1 -1 2 -1 3 -1 3 3 -1 3 -1 -1 -1 1 1 2 3 -1 -1 2 -1 -1 3 -1 2 1 -1 1 -1 1 2 -1 -1 2 1 -1 -1 -1 -1 2 2 3 1 -1 2 -1 3 3 3 -1 -1 -1 -1 -1 -1 2 -1 2 -1 -1 -1 -1 2 2 -1 2 1 -1 3 2 -1 -1 -1 1 3 -1 3 -1 -1 -1 3 -1 -1 -1 2 -1 2 2 1 -1 1 3 2 -1 -1 2 3 3 -1 1 -1 2 -1 -1 -1 3 -1 -1 -1 -1 2 2 -1 2 -1 -1 -1 2 -1 -1 1 -1 2 -1 -1 -1 -1 2 -1 -1 -1 2 -1 -1 3 3 -1 1 2 -1 -1 -1 1 -1 -1 -1 -1 -1 1 -1 -1 2 2 -1 0 2 3 3 -1 1 -1 -1 3 3 2 2 -1 -1 3 -1 -1 -1 -1 2 3 3 -1 -1 -1 1 -1 -1 2 2 -1 2 -1 -1 3 -1 -1 -1 -1 -1 2 2 -1 -1 -1 -1 -1 -1 2 -1 2 2 2 -1 2 1 3 2 -1 3 1 2 -1
20 20 -1 -1 -1 -1 -1 -1 2 -1 -1 -1 -1 -1 -1 -1 -1 2 -1 2 -1 -1 -1 -1 -1 2 2 -1 2 2 2 -1 -1 -1 -1 2 -1 1 -1 2 -1 2 2 -1 -1 -1 3 2 -1 2 -1 -1 -1 2 2 -1 3 1 3 2 3 2 3 -1 2 -1 -1 1 2 1 1 3 1 2 2 3 2 -1 -1 -1 -1 2 2 -1 1 -1 -1 -1 -1 -1 1 -1 -1 2 -1 1 -1 -1 2 -1 2 -1 2 3 -1 2 1 -1 2 -1 2 -1 2 -1 -1 -1 -1 1 2 -1 -1 -1 -1 2 1 2 -1 2 2 -1 1 2 -1 2 -1 -1 -1 0 2 2 -1 2 -1 -1 2 1 -1 -1 1 -1 3 1 -1 -1 -1 1 -1 1 -1 -1 -1 -1 -1 -1 2 3 2 2 -1 -1 1 -1 -1 2 2 3 -1 1 -1 -1 3 -1 -1 -1 2 -1 -1 3 -1 -1 2 2 2 -1 -1 -1 -1 -1 2 2 2 -1 3 1 3 -1 -1 0 2 2 2 -1 -1 -1 -1 3 1 3 2 -1 -1 -1 2 1 1 1 2 1 -1 -1 1 2 -1 -1 2 2 -1 -1 2 2 2 2 -1 -1 1 -1 3 2 2 -1 3 2 2 -1 3 1 1 -1 1 1 2 -1 1 3 -1 -1 2 -1 -1 1 -1 2 -1 -1 2 2 -1 -1 -1 -1 -1 -1 -1 2 1 -1 1 -1 1 -1 -1 -1 -1 3 2 1 -1 1 1 1 -1 3 -1 -1 -1 -1 -1 -1 3 2 3 -1 -1 1 -1 2 -1 1 -1 -1 -1 2 -1 2 1 2 1 -1 1 -1 -1 1 -1 -1 3 0 2 1 -1 -1 -1 2 -1 -1 -1 3 3 -1 3 -1 3 -1 3 0 2 -1 -1 2 -1 2 -1 3 1 -1 -1 -1 2 0 -1 2 2 -1 -1 -1 2 -1 2 2 1 -1 -1 1 3 -1 -1 -1 -1 -1 -1 2 2 -1 -1 -1 2 2 1 -1 3 2 2 -1
20 20 -1 -1 2 2 -1 2 3 2 -1 -1 -1 -1 -1 -1 3 2 -1 -1 -1 3 2 -1 2 -1 -1 3 2 -1 2 1 2 -1 -1 2 3 0 1 3 2 -1 -1 -1 1 1 -1 -1 1 2 3 -1 3 -1 -1 -1 -1 2 -1 -1 -1 -1 -1 -1 2 3 2 -1 2 2 -1 1 3 -1 2 -1 -1 1 2 2 3 -1 -1 2 2 -1 0 1 2 -1 -1 -1 -1 -1 -1 -1 -1 -1 -1 -1 2 2 2 2 2 -1 -1 2 -1 -1 2 2 -1 2 2 -1 1 -1 2 -1 2 -1 -1 -1 -1 -1 3 1 -1 1 -1 2 1 2 1 -1 2 3 0 2 2 -1 -1 -1 -1 -1 -1 1 -1 -1 -1 3 -1 2 2 -1 -1 -1 2 -1 2 -1 0 -1 2 -1 2 1 -1 1 -1 1 2 2 -1 2 -1 -1 3 2 2 2 2 -1 -1 2 2 -1 -1 -1 -1 2 3 2 3 2 -1 -1 -1 0 -1 3 2 -1 -1 1 0 -1 2 -1 3 -1 1 1 1 2 2 3 -1 -1 -1 2 3 -1 2 -1 3 -1 -1 1 1 -1 -1 -1 2 -1 -1 2 1 1 -1 -1 -1 -1 2 1 -1 -1 2 2 -1 -1 2 2 3 -1 -1 2 -1 2 2 2 -1 1 2 2 2 3 2 -1 -1 3 2 2 1 -1 2 1 2 -1 3 3 2 2 -1 1 -1 -1 -1 -1 1 1 1 -1 2 3 -1 2 -1 1 2 1 -1 -1 2 0 2 2 3 -1 -1 -1 -1 -1 2 -1 -1 3 -1 2 -1 -1 -1 0 3 2 -1 -1 -1 1 -1 -1 1 2 -1 -1 2 -1 -1 -1 2 2 2 2 2 1 -1 -1 -1 3 -1 2 -1 2 2 1 -1 -1 -1 -1 -1 3 2 -1 3 2 2 -1 2 -1 1 1 -1 -1 -1 -1 -1 -1 2 -1 -1 2 -1 -1 -1 -1 -1 -1 3 2 -1 -1 -1 -1 -1 2 1 2 -1 -1 -1 -1
20 20 2 3 2 2 3 -1 1 -1 2 3 -1 -1 -1 3 2 -1 -1 -1 -1 -1 3 -1 -1 -1 1 -1 -1 2 -1 -1 -1 -1 3 1 2 2 1 3 1 3 1 -1 -1 -1 3 -1 -1 1 -1 -1 3 -1 3 2 3 -1 -1 -1 2 -1 -1 -1 -1 -1 2 -1 2 -1 3 2 2 -1 -1 0 3 -1 -1 1 -1 1 -1 1 2 -1 1 3 2 3 2 -1 -1 -1 -1 3 -1 2 -1 2 -1 3 -1 -1 -1 2 2 2 -1 1 -1 1 2 -1 1 -1 -1 3 -1 -1 -1 1 -1 2 -1 2 2 1 -1 -1 -1 2 3 2 -1 -1 2 2 -1 -1 -1 2 2 -1 1 3 -1 -1 -1 -1 -1 2 -1 3 -1 -1 -1 -1 -1 -1 2 -1 2 -1 -1 3 1 -1 -1 2 -1 -1 -1 3 0 3 -1 3 -1 1 3 -1 -1 3 2 -1 3 -1 -1 -1 -1 -1 -1 -1 -1 -1 2 1 2 -1 -1 -1 2 1 -1 2 2 1 -1 2 1 3 2 2 -1 1 3 1 -1 1 1 2 -1 -1 3 2 -1 2 -1 -1 -1 -1 -1 -1 -1 2 -1 2 -1 2 1 -1 3 1 -1 -1 1 3 0 2 1 2 2 3 2 -1 -1 -1 2 -1 2 -1 -1 -1 -1 -1 -1 -1 2 -1 -1 -1 -1 -1 3 1 3 -1 -1 -1 -1 -1 -1 2 0 2 -1 2 3 -1 2 1 -1 1 2 -1 3 -1 -1 -1 2 1 2 -1 2 2 -1 -1 -1 -1 -1 1 3 -1 -1 2 -1 -1 -1 3 2 -1 2 -1 -1 -1 2 3 2 1 2 2 -1 -1 -1 1 2 2 -1 -1 2 2 -1 2 2 -1 2 1 -1 2 -1 3 2 -1 -1 1 -1 3 2 -1 1 2 -1 -1 2 -1 1 3 -1 3 -1 -1 1 1 3 -1 -1 -1 -1 2 1 2 -1 -1 -1 3 3 -1 2 -1 2 2 -1 -1 -1 1 -1 -1 2 -1 -1 -1
20 20 -1 -1 1 -1 -1 -1 -1 2 3 2 2 2 -1 2 3 3 -1 1 -1 -1 -1 -1 2 -1 -1 -1 -1 0 -1 -1 -1 3 3 -1 -1 1 -1 1 -1 -1 3 -1 2 2 -1 -1 -1 -1 -1 -1 -1 -1 0 3 -1 -1 -1 -1 -1 -1 -1 -1 2 -1 1 -1 -1 -1 -1 -1 2 3 2 2 -1 2 2 2 2 -1 -1 3 -1 -1 1 -1 -1 -1 -1 1 -1 -1 2 3 -1 2 3 2 2 1 3 1 3 -1 1 3 -1 2 2 3 -1 3 1 -1 2 1 2 2 2 -1 -1 -1 2 1 -1 -1 -1 -1 2 -1 -1 -1 2 2 -1 -1 3 2 -1 -1 -1 2 2 -1 2 -1 -1 2 -1 -1 3 -1 -1 2 3 2 -1 3 -1 -1 -1 3 -1 -1 2 2 -1 -1 -1 -1 1 -1 -1 -1 1 -1 1 -1 -1 -1 -1 1 -1 -1 -1 3 2 3 2 -1 2 -1 -1 -1 2 -1 2 -1 2 -1 -1 2 1 -1 -1 -1 -1 2 1 1 1 2 3 -1 -1 -1 0 2 -1 -1 -1 3 -1 -1 2 2 2 -1 2 3 3 -1 -1 2 -1 1 -1 2 2 -1 -1 1 -1 -1 -1 -1 2 1 1 -1 -1 -1 -1 3 -1 3 -1 -1 -1 -1 -1 2 1 -1 -1 -1 2 -1 3 -1 -1 1 2 1 2 1 -1 0 -1 -1 1 3 -1 2 1 3 2 1 2 -1 -1 2 -1 -1 -1 -1 -1 3 -1 -1 3 -1 2 -1 -1 2 -1 2 0 -1 2 -1 -1 -1 -1 -1 2 -1 -1 -1 3 -1 -1 2 3 -1 -1 -1 1 1 -1 -1 -1 -1 -1 -1 1 -1 2 -1 3 0 -1 -1 -1 -1 -1 -1 1 2 2 0 2 2 1 -1 -1 -1 0 -1 3 2 -1 2 -1 2 3 1 1 2 -1 2 3 2 -1 -1 -1 -1 3 -1 -1 1 -1 -1 -1 -1 -1 -1 2 3 2 3 -1 2 3 -1 -1 2 -1 -1
20 20 -1 -1 3 1 2 2 -1 3 2 -1 2 -1 2 -1 -1 -1 -1 2 -1 3 -1 3 -1 -1 -1 2 -1 -1 2 -1 -1 2 -1 -1 1 2 2 -1 2 -1 -1 3 -1 -1 -1 -1 -1 -1 -1 -1 2 1 2 2 2 -1 -1 3 -1 3 -1 3 2 -1 3 -1 -1 2 2 -1 3 2 2 -1 -1 -1 -1 -1 -1 -1 2 -1 -1 1 2 -1 -1 3 -1 2 -1 -1 -1 -1 1 2 -1 3 3 2 3 -1 3 -1 -1 -1 -1 1 -1 1 -1 -1 -1 3 2 -1 -1 -1 2 -1 -1 1 3 -1 2 1 -1 2 3 -1 -1 -1 -1 -1 -1 3 -1 -1 -1 3 -1 2 2 -1 3 -1 2 -1 -1 1 -1 -1 -1 -1 -1 -1 -1 -1 3 1 -1 -1 -1 3 -1 -1 2 1 2 -1 -1 -1 -1 3 -1 2 1 2 -1 2 -1 1 -1 2 1 -1 2 0 1 1 2 1 2 -1 -1 2 1 -1 -1 -1 -1 2 2 -1 -1 2 -1 2 -1 -1 -1 -1 -1 3 -1 -1 -1 -1 1 3 -1 2 -1 -1 2 -1 3 -1 -1 -1 -1 3 -1 -1 -1 -1 2 3 -1 -1 3 -1 -1 -1 -1 0 -1 -1 -1 3 -1 -1 -1 1 -1 -1 3 -1 -1 -1 3 2 2 -1 -1 3 -1 2 3 -1 1 2 1 -1 3 -1 3 -1 -1 1 2 2 -1 2 -1 2 -1 -1 -1 -1 3 -1 3 -1 1 3 -1 -1 -1 3 2 2 0 1 1 -1 -1 2 2 2 -1 -1 -1 -1 2 -1 2 -1 2 -1 2 -1 -1 -1 2 3 -1 -1 -1 -1 -1 1 3 -1 -1 3 -1 1 -1 -1 1 -1 1 2 -1 2 -1 2 1 2 -1 3 -1 -1 -1 -1 -1 -1 -1 -1 2 3 -1 -1 1 -1 -1 -1 3 -1 -1 -1 2 -1 3 -1 -1 3 3 -1 -1 -1 2 -1 -1 1 -1 -1 -1 -1 -1 -1 -1 -1 -1 -1 3 -1 2 -1
20 20 3 -1 3 3 -1 -1 -1 -1 3 -1 1 -1 -1 3 -1 2 1 -1 3 3 -1 -1 -1 -1 1 3 1 2 -1 3 -1 -1 -1 -1 -1 2 -1 -1 -1 1 -1 -1 -1 3 3 -1 -1 2 1 -1 -1 1 -1 1 3 -1 3 2 -1 2 1 2 -1 -1 -1 -1 -1 -1 2 3 -1 2 -1 1 3 1 -1 1 -1 -1 -1 3 1 3 1 -1 -1 -1 1 -1 2 1 -1 2 -1 2 -1 -1 -1 -1 -1 2 2 3 2 -1 -1 -1 3 -1 -1 -1 -1 -1 -1 -1 1 -1 -1 -1 -1 -1 1 -1 -1 -1 2 -1 -1 -1 3 -1 -1 3 -1 3 3 2 1 2 2 -1 -1 1 -1 1 -1 -1 1 2 -1 -1 -1 0 1 -1 2 1 -1 3 -1 3 0 -1 3 -1 1 2 -1 -1 1 2 3 -1 2 -1 -1 -1 -1 -1 -1 -1 -1 -1 -1 3 2 2 2 3 -1 -1 1 -1 1 2 -1 3 2 -1 -1 -1 -1 1 -1 -1 -1 1 -1 -1 2 -1 -1 -1 3 -1 2 -1 -1 -1 2 -1 3 -1 1 2 -1 -1 -1 2 3 1 -1 -1 -1 -1 -1 -1 -1 2 3 2 -1 2 -1 2 -1 3 -1 -1 -1 -1 -1 -1 -1 -1 -1 -1 -1 3 2 -1 3 -1 2 2 1 -1 0 -1 -1 1 2 3 1 2 -1 -1 -1 -1 -1 2 -1 3 1 2 -1 3 1 -1 -1 -1 -1 -1 1 -1 -1 -1 2 -1 -1 -1 -1 -1 1 -1 2 -1 -1 -1 -1 3 -1 3 -1 -1 2 3 -1 -1 3 -1 -1 -1 -1 -1 3 3 2 -1 2 -1 2 2 -1 -1 -1 -1 -1 2 -1 2 -1 2 -1 -1 -1 1 2 -1 1 2 -1 2 -1 2 -1 3 2 2 2 -1 -1 2 1 3 -1 2 2 2 -1 -1 -1 2 -1 2 -1 -1 1 -1 -1 3 -1 3 2 -1 -1 -1 2 -1 2 3 2 3 -1 2 3 3 -1 3
20 20 -1 3 -1 -1 3 3 3 -1 2 2 -1 1 -1 1 -1 -1 -1 3 2 -1 -1 3 2 1 -1 1 -1 1 -1 2 3 -1 3 -1 -1 -1 2 3 -1 -1 2 -1 2 -1 -1 -1 3 2 -1 -1 -1 3 2 -1 -1 3 -1 -1 -1 -1 -1 -1 -1 3 -1 2 2 -1 -1 -1 2 1 -1 2 -1 3 -1 3 2 -1 -1 3 1 -1 -1 -1 -1 1 2 -1 -1 -1 -1 3 1 -1 2 -1 1 -1 -1 1 2 -1 -1 3 -1 -1 2 -1 1 3 -1 2 -1 2 -1 2 2 -1 3 -1 -1 -1 -1 -1 -1 -1 1 -1 1 -1 1 -1 -1 1 -1 -1 -1 -1 2 -1 2 0 -1 -1 -1 -1 -1 2 -1 -1 2 -1 2 2 -1 2 -1 -1 2 2 3 2 2 -1 -1 1 -1 0 2 2 2 -1 -1 -1 -1 -1 -1 -1 3 2 -1 -1 -1 -1 3 -1 3 1 -1 -1 -1 1 2 1 2 -1 -1 2 2 -1 -1 -1 3 -1 -1 -1 2 3 -1 1 2 -1 2 -1 -1 2 1 3 -1 -1 2 0 -1 -1 2 2 0 -1 -1 3 3 2 1 2 -1 -1 2 -1 2 -1 -1 2 -1 2 1 2 3 2 2 -1 1 -1 -1 3 -1 -1 -1 -1 2 2 -1 0 -1 -1 -1 -1 -1 -1 -1 3 2 2 2 2 2 3 2 2 -1 3 2 -1 -1 2 -1 -1 -1 -1 1 2 -1 -1 -1 -1 1 -1 2 -1 -1 3 -1 3 -1 -1 -1 3 2 -1 2 2 2 2 -1 3 2 -1 -1 2 -1 3 1 -1 1 -1 3 2 3 -1 -1 -1 -1 -1 -1 -1 3 2 -1 -1 1 2 2 -1 2 -1 1 -1 2 2 -1 2 -1 2 3 -1 -1 0 -1 -1 2 -1 -1 -1 1 -1 -1 1 -1 -1 1 2 -1 2 -1 1 3 2 -1 -1 2 2 -1 -1 -1 1 -1 2 3 3 2 -1 2 3 -1 -1 -1 3 -1 3
20 20 -1 3 -1 2 -1 -1 -1 -1 -1 -1 1 -1 -1 -1 3 -1 1 -1 -1 3 -1 -1 2 -1 2 1 -1 3 -1 -1 3 2 -1 3 -1 2 -1 -1 -1 -1 -1 -1 2 -1 1 -1 -1 0 3 -1 2 1 2 -1 2 2 -1 -1 3 2 1 2 -1 -1 2 3 -1 2 2 2 -1 -1 -1 -1 -1 2 -1 0 -1 3 -1 -1 2 3 -1 -1 -1 -1 -1 -1 -1 -1 3 2 -1 2 3 -1 3 -1 -1 -1 2 -1 2 1 -1 1 3 2 -1 2 3 -1 -1 2 -1 1 -1 3 2 2 2 2 2 -1 3 -1 1 2 2 -1 2 -1 3 2 -1 -1 -1 -1 3 -1 -1 -1 -1 -1 1 -1 2 -1 -1 -1 3 -1 3 -1 -1 -1 2 2 2 -1 -1 2 3 -1 -1 -1 -1 -1 -1 1 2 2 -1 1 -1 2 -1 -1 -1 -1 2 -1 -1 2 -1 1 -1 -1 1 2 2 2 -1 -1 2 2 -1 -1 -1 3 -1 -1 2 3 -1 2 2 3 2 -1 1 -1 -1 -1 2 -1 0 3 -1 1 2 -1 -1 -1 -1 2 -1 -1 -1 -1 2 -1 2 -1 -1 -1 2 -1 3 -1 -1 -1 3 -1 2 -1 2 -1 1 -1 -1 2 3 2 2 2 -1 -1 -1 -1 -1 2 -1 -1 -1 -1 -1 -1 -1 2 -1 1 -1 -1 -1 1 -1 1 -1 1 2 -1 -1 3 2 2 -1 2 -1 1 -1 2 -1 1 1 -1 -1 -1 3 1 -1 3 1 -1 -1 -1 -1 1 2 3 1 1 3 -1 3 -1 3 -1 3 2 -1 -1 -1 3 2 -1 -1 2 -1 -1 -1 3 -1 0 2 2 2 -1 -1 -1 3 -1 -1 1 -1 3 -1 1 3 -1 2 -1 -1 0 1 -1 3 -1 3 2 -1 -1 2 -1 -1 -1 -1 -1 2 -1 3 -1 3 -1 -1 2 2 -1 3 1 -1 3 -1 -1 -1 -1 -1 -1 2 -1 -1 2 -1 -1 3 -1 2 -1
25 30 -1 -1 -1 -1 -1 -1 2 -1 1 3 -1 -1 2 -1 -1 2 -1 -1 -1 -1 -1 -1 -1 -1 3 2 -1 2 3 2 2 2 2 -1 3 -1 2 2 -1 -1 2 3 -1 -1 -1 1 3 1 -1 2 3 2 -1 3 -1 -1 -1 -1 -1 -1 -1 -1 -1 -1 2 -1 0 1 -1 3 -1 -1 2 -1 2 -1 3 2 2 1 3 2 3 2 -1 2 1 1 -1 -1 -1 -1 2 2 1 -1 -1 -1 2 -1 2 2 -1 2 3 -1 -1 -1 1 -1 -1 -1 1 3 1 3 -1 3 -1 -1 -1 1 -1 2 -1 2 2 2 0 1 2 -1 -1 2 2 -1 2 -1 -1 -1 -1 -1 3 -1 2 -1 2 1 -1 -1 -1 -1 1 0 2 -1 -1 2 2 -1 -1 -1 -1 -1 2 -1 -1 -1 2 3 -1 -1 2 1 3 2 -1 -1 -1 3 1 -1 2 1 2 -1 -1 2 0 3 2 3 -1 -1 -1 -1 2 -1 -1 -1 1 -1 -1 1 1 2 -1 -1 3 2 -1 -1 0 -1 -1 -1 2 2 2 3 -1 1 -1 -1 -1 2 3 -1 -1 3 -1 -1 2 2 -1 -1 -1 -1 -1 -1 -1 2 -1 2 -1 -1 -1 -1 -1 -1 -1 1 2 -1 -1 1 -1 -1 2 2 -1 2 -1 2 -1 -1 3 -1 -1 -1 3 0 3 -1 -1 3 -1 2 2 -1 -1 -1 -1 1 2 -1 2 1 2 2 -1 1 -1 2 1 -1 -1 2 -1 -1 3 -1 -1 -1 1 1 -1 -1 2 -1 -1 2 1 -1 2 -1 3 -1 -1 -1 -1 -1 -1 2 -1 2 3 2 -1 3 -1 -1 2 -1 3 1 -1 2 -1 2 -1 1 -1 2 -1 -1 3 2 2 2 0 -1 1 1 -1 1 -1 3 -1 -1 2 3 1 -1 -1 3 -1 3 -1 -1 -1 3 0 -1 2 2 -1 -1 3 2 2 -1 -1 2 -1 -1 -1 1 3 -1 2 -1 1 -1 3 1 -1 2 -1 -1 3 1 -1 2 1 -1 -1 3 2 2 -1 3 3 2 -1 2 -1 -1 -1 -1 -1 -1 -1 -1 -1 3 -1 2 2 -1 -1 1 -1 -1 3 -1 -1 -1 -1 2 2 2 0 3 2 2 -1 -1 -1 3 -1 -1 -1 1 2 -1 -1 3 2 3 1 3 -1 -1 1 3 2 3 -1 -1 2 2 3 -1 3 -1 -1 -1 -1 2 2 2 -1 2 -1 -1 -1 -1 3 1 -1 1 2 1 2 1 -1 1 -1 3 -1 -1 -1 -1 -1 -1 -1 -1 3 -1 2 -1 3 2 2 2 1 2 2 1 -1 -1 3 2 2 -1 3 2 2 -1 -1 -1 1 3 -1 -1 2 2 -1 2 1 1 -1 -1 2 -1 0 -1 2 -1 3 2 3 2 3 2 1 -1 -1 1 1 2 -1 -1 -1 3 -1 -1 -1 1 3 2 -1 2 2 2 1 -1 1 1 2 2 2 -1 3 2 -1 1 3 -1 -1 1 2 -1 2 -1 -1 -1 -1 2 3 2 2 -1 -1 -1 -1 2 1 -1 1 3 -1 -1 -1 -1 -1 3 2 1 -1 -1 -1 1 -1 3 -1 3 1 -1 -1 0 -1 -1 2 1 -1 -1 -1 -1 -1 -1 -1 -1 -1 -1 2 2 3 -1 -1 -1 1 2 2 3 -1 -1 2 2 -1 -1 2 2 2 -1 -1 -1 2 2 -1 1 -1 -1 1 -1 -1 2 -1 -1 -1 2 -1 2 1 -1 -1 3 -1 2 2 3 -1 -1 -1 -1 2 3 -1 3 -1 -1 2 2 1 -1 2 -1 -1 1 2 1 3 -1 -1 2 -1 1 -1 1 1 -1 0 -1 1 3 -1 2 -1 -1 -1 -1 2 3 2 -1 -1 -1 2 -1 2 -1 -1 -1 3 3 -1 3 3 -1
25 30 -1 -1 2 -1 -1 -1 -1 -1 -1 -1 -1 -1 -1 -1 3 3 -1 0 0 2 -1 3 1 2 -1 2 3 2 -1 -1 2 -1 -1 2 -1 3 -1 -1 1 -1 1 -1 -1 1 -1 -1 2 -1 -1 2 2 -1 2 2 1 2 3 -1 -1 -1 2 -1 -1 -1 2 2 -1 -1 2 2 -1 -1 3 -1 -1 -1 -1 -1 1 2 -1 3 -1 -1 2 3 1 1 -1 -1 1 2 2 2 -1 -1 -1 2 -1 -1 3 0 2 -1 -1 -1 2 1 2 3 1 0 2 2 -1 -1 -1 -1 3 1 3 0 1 -1 -1 3 -1 3 2 2 2 0 -1 -1 3 -1 -1 -1 2 2 -1 -1 1 -1 -1 -1 3 2 -1 -1 3 2 2 -1 -1 -1 -1 2 2 2 2 -1 -1 -1 -1 0 -1 -1 0 -1 -1 -1 2 -1 -1 -1 -1 -1 -1 2 -1 -1 3 -1 1 2 -1 -1 -1 -1 2 -1 -1 2 1 -1 2 3 2 -1 -1 -1 2 -1 2 -1 0 -1 -1 2 -1 2 1 -1 1 -1 -1 2 -1 3 -1 -1 -1 -1 -1 -1 2 1 2 3 -1 -1 -1 2 3 -1 -1 3 2 1 2 -1 -1 2 2 2 2 -1 -1 -1 -1 2 2 -1 -1 1 -1 2 2 3 -1 2 -1 -1 -1 -1 -1 3 2 -1 2 2 2 1 3 -1 2 -1 -1 -1 3 -1 -1 -1 -1 -1 -1 -1 1 1 2 -1 2 -1 -1 -1 3 -1 -1 -1 2 -1 3 2 2 -1 -1 -1 -1 -1 -1 2 -1 2 -1 2 -1 1 -1 -1 2 -1 1 1 -1 3 -1 1 1 3 -1 3 -1 2 -1 1 3 -1 -1 -1 -1 3 3 -1 -1 1 -1 1 -1 -1 1 -1 -1 -1 -1 -1 -1 -1 -1 -1 -1 -1 -1 -1 -1 -1 -1 -1 -1 -1 -1 -1 -1 2 2 2 -1 -1 -1 -1 1 -1 3 -1 2 2 3 1 2 -1 -1 3 2 -1 -1 -1 2 -1 -1 -1 -1 2 -1 -1 2 2 1 1 2 2 -1 1 2 -1 -1 -1 -1 1 0 2 3 3 1 2 1 -1 1 -1 2 -1 -1 -1 -1 2 2 -1 -1 -1 2 1 3 -1 3 2 1 -1 1 2 3 -1 -1 3 3 -1 -1 -1 -1 1 2 -1 -1 -1 -1 -1 -1 -1 2 1 -1 -1 -1 3 -1 2 3 1 2 1 -1 -1 2 3 2 -1 -1 2 -1 -1 1 -1 -1 -1 -1 -1 2 2 -1 1 2 2 -1 2 -1 -1 0 0 2 -1 2 -1 1 2 -1 -1 1 3 1 -1 1 -1 -1 -1 2 -1 3 -1 -1 -1 3 2 1 -1 1 2 2 -1 -1 1 -1 -1 -1 2 -1 -1 -1 -1 0 3 -1 3 1 -1 -1 1 2 -1 -1 2 -1 1 2 -1 2 -1 1 -1 -1 -1 -1 1 3 -1 -1 1 3 3 3 -1 -1 2 2 2 0 2 1 2 -1 -1 3 -1 1 -1 1 3 -1 -1 -1 -1 3 2 -1 2 -1 1 1 -1 -1 2 -1 2 -1 1 -1 1 -1 -1 -1 2 2 -1 1 2 -1 -1 -1 -1 2 -1 -1 2 2 -1 -1 -1 3 2 -1 -1 -1 2 -1 -1 2 -1 -1 2 -1 -1 1 2 -1 -1 -1 2 3 1 2 -1 -1 -1 2 2 2 2 2 2 3 -1 -1 -1 2 2 -1 2 -1 -1 -1 1 -1 3 -1 1 2 -1 -1 -1 1 -1 2 2 2 -1 2 2 1 1 -1 -1 -1 -1 2 2 3 -1 2 -1 3 -1 2 2 2 -1 -1 1 -1 2 -1 3 -1 3 -1 -1 -1 -1 1 -1 2 -1 -1 -1 2 -1 -1 -1 1 2 2 2 2 -1 -1 -1 2 2 1 -1 -1 3 3 3
25 30 -1 -1 3 -1 -1 -1 -1 -1 2 -1 -1 -1 2 -1 1 -1 -1 -1 -1 3 -1 -1 -1 -1 -1 1 -1 1 -1 -1 -1 2 -1 1 -1 -1 -1 1 3 2 3 -1 -1 -1 2 1 -1 -1 2 -1 -1 -1 -1 2 -1 3 -1 3 2 -1 -1 3 2 -1 1 1 3 1 2 3 2 3 -1 2 -1 -1 1 2 3 2 3 -1 2 1 3 -1 1 -1 2 -1 -1 -1 2 -1 2 -1 2 2 2 -1 2 -1 3 1 -1 2 2 2 -1 -1 2 2 -1 1 1 1 -1 -1 2 3 2 -1 2 -1 -1 3 1 3 2 2 2 -1 -1 -1 -1 2 -1 -1 2 -1 -1 -1 1 3 -1 1 2 -1 -1 -1 2 -1 -1 -1 2 3 2 1 -1 1 -1 -1 3 3 -1 -1 -1 2 -1 -1 2 -1 -1 2 2 1 2 1 2 1 2 -1 -1 -1 -1 3 1 2 0 -1 -1 1 -1 -1 2 3 2 2 2 -1 -1 3 -1 2 -1 -1 -1 1 2 -1 -1 2 -1 -1 -1 3 1 -1 -1 -1 -1 -1 2 -1 -1 -1 1 -1 0 -1 1 2 2 1 -1 -1 1 2 -1 2 3 -1 -1 2 2 -1 -1 2 -1 -1 -1 -1 3 3 3 2 2 -1 -1 2 -1 -1 -1 -1 -1 1 2 2 -1 -1 -1 3 -1 -1 -1 -1 -1 -1 -1 1 -1 2 -1 1 2 -1 -1 -1 1 3 3 -1 1 -1 3 -1 2 -1 -1 2 2 2 2 3 -1 -1 1 -1 3 2 2 2 2 1 -1 -1 1 0 -1 2 1 3 2 3 -1 -1 -1 -1 2 -1 2 2 -1 -1 2 -1 2 2 -1 2 -1 -1 1 2 3 2 -1 -1 -1 2 2 -1 3 0 2 2 -1 -1 2 1 -1 -1 1 3 2 -1 -1 -1 3 1 -1 -1 -1 -1 -1 2 2 -1 1 1 2 2 1 -1 -1 -1 -1 1 -1 -1 -1 2 -1 -1 -1 -1 2 -1 -1 -1 -1 1 -1 1 2 2 -1 -1 -1 1 3 -1 3 -1 -1 -1 -1 2 -1 2 -1 -1 -1 -1 -1 3 3 -1 2 2 -1 1 1 3 1 2 -1 1 -1 2 -1 2 -1 1 3 2 1 3 -1 -1 -1 -1 -1 2 2 -1 -1 -1 -1 -1 3 2 3 -1 -1 2 1 -1 -1 -1 -1 -1 -1 2 -1 -1 2 -1 -1 -1 -1 -1 2 2 2 -1 2 -1 -1 2 -1 2 3 1 3 -1 -1 2 1 2 -1 2 -1 0 2 2 -1 -1 -1 -1 2 2 -1 -1 -1 -1 -1 3 -1 2 -1 2 2 -1 3 -1 2 0 2 2 1 -1 -1 -1 -1 3 -1 -1 0 3 -1 -1 -1 -1 -1 -1 -1 -1 -1 -1 -1 -1 3 -1 2 -1 2 2 2 -1 2 -1 -1 3 -1 -1 -1 3 -1 -1 1 1 -1 2 -1 -1 -1 -1 -1 2 1 0 -1 -1 -1 3 3 -1 1 -1 -1 -1 2 -1 2 -1 0 2 2 1 1 -1 -1 3 1 -1 -1 -1 -1 2 -1 2 -1 2 3 2 2 0 2 -1 -1 -1 -1 2 -1 -1 2 -1 -1 -1 -1 -1 1 -1 3 -1 2 -1 -1 -1 -1 -1 -1 -1 2 2 2 1 2 2 -1 3 2 2 0 1 3 -1 -1 1 -1 2 2 2 3 2 -1 2 3 -1 -1 2 -1 -1 -1 1 2 -1 2 2 1 -1 1 -1 2 -1 -1 1 -1 -1 -1 -1 2 -1 2 -1 2 -1 -1 -1 2 -1 -1 -1 -1 -1 -1 -1 -1 -1 -1 2 -1 -1 3 2 -1 2 -1 -1 -1 2 1 -1 -1 2 -1 1 2 2 -1 -1 3 2 0 2 -1 -1 -1 1 -1 -1 2 0 2 -1 3 2 2 3
25 30 -1 -1 -1 -1 2 -1 -1 1 2 2 -1 2 3 2 2 -1 -1 -1 -1 -1 3 2 3 -1 -1 2 -1 -1 3 -1 -1 1 -1 -1 -1 -1 2 -1 2 2 2 2 -1 3 1 2 -1 2 3 2 2 -1 -1 2 2 3 -1 2 1 -1 -1 3 -1 -1 2 -1 -1 2 -1 -1 -1 3 0 -1 -1 2 1 2 -1 -1 2 -1 2 -1 2 1 1 -1 -1 -1 -1 2 2 2 1 1 -1 -1 3 -1 2 -1 -1 2 0 3 1 2 2 3 2 2 -1 -1 -1 2 2 2 -1 -1 -1 -1 2 2 -1 1 2 1 3 2 -1 2 -1 -1 2 -1 -1 1 -1 1 -1 -1 -1 -1 2 3 2 1 1 3 3 3 3 -1 3 -1 3 2 2 1 -1 1 -1 -1 -1 3 2 2 -1 0 -1 2 3 -1 3 2 1 -1 -1 2 1 1 -1 1 -1 -1 -1 -1 -1 2 -1 2 -1 -1 -1 -1 2 -1 2 -1 3 -1 -1 -1 -1 -1 3 3 2 -1 -1 -1 3 1 -1 2 -1 2 1 -1 2 -1 2 -1 -1 -1 -1 2 -1 2 2 1 1 -1 -1 2 -1 -1 1 -1 3 -1 2 -1 -1 3 -1 3 2 -1 -1 2 -1 -1 2 -1 2 2 2 -1 -1 -1 -1 1 3 1 2 3 -1 -1 3 -1 3 2 -1 3 -1 -1 2 1 2 1 -1 -1 -1 -1 -1 1 1 -1 -1 -1 -1 -1 -1 1 -1 2 -1 -1 2 -1 -1 2 -1 -1 -1 -1 1 2 3 -1 -1 -1 -1 -1 3 1 -1 -1 3 -1 1 -1 -1 2 3 3 3 -1 2 -1 -1 -1 -1 -1 -1 -1 1 -1 -1 1 2 3 2 -1 1 -1 -1 2 -1 2 -1 2 -1 2 3 2 -1 3 3 2 -1 -1 2 3 2 -1 1 -1 -1 3 1 3 -1 -1 2 -1 3 2 1 -1 2 -1 -1 -1 -1 3 1 3 -1 2 -1 1 -1 -1 2 -1 2 -1 -1 3 -1 3 2 -1 -1 1 -1 -1 3 2 3 -1 2 -1 -1 -1 3 -1 -1 1 -1 2 3 -1 2 -1 -1 -1 1 2 -1 -1 -1 -1 -1 2 -1 2 3 -1 1 -1 2 -1 -1 -1 -1 -1 2 3 2 -1 1 -1 2 3 -1 3 1 3 1 2 -1 -1 -1 -1 -1 -1 -1 0 2 2 -1 -1 2 -1 3 -1 -1 -1 1 -1 -1 -1 -1 -1 -1 -1 1 -1 -1 -1 -1 -1 -1 1 -1 -1 -1 -1 -1 2 -1 2 -1 -1 -1 2 -1 2 -1 0 -1 2 -1 1 2 -1 -1 -1 -1 -1 -1 -1 -1 -1 3 2 3 -1 -1 -1 -1 -1 -1 -1 -1 -1 0 -1 3 -1 -1 2 1 3 -1 -1 -1 -1 -1 -1 -1 1 -1 -1 -1 1 -1 -1 2 -1 -1 2 1 1 -1 3 -1 -1 3 1 -1 3 1 2 2 2 3 -1 -1 -1 -1 2 -1 2 2 -1 -1 -1 2 2 1 -1 1 -1 2 -1 -1 2 -1 2 2 3 2 2 1 -1 -1 -1 -1 1 3 2 -1 -1 3 -1 -1 -1 -1 1 -1 3 -1 -1 -1 1 -1 -1 -1 2 -1 -1 2 1 3 -1 -1 -1 -1 -1 -1 -1 -1 -1 -1 -1 2 -1 -1 -1 -1 -1 2 3 0 2 1 -1 1 3 -1 -1 1 -1 -1 2 -1 -1 -1 -1 1 2 1 -1 -1 3 2 -1 3 -1 -1 -1 2 1 -1 0 -1 1 1 -1 -1 -1 2 -1 -1 3 3 2 3 1 -1 1 1 -1 -1 2 -1 1 0 3 2 2 1 2 2 -1 -1 2 2 1 2 -1 1 -1 -1 -1 -1 -1 -1 2 1 -1 -1 2 3 -1 2 -1 -1 2 3 -1 2 -1 -1 -1
25 30 -1 -1 -1 2 -1 -1 -1 -1 -1 -1 2 1 -1 2 -1 3 1 3 -1 -1 2 3 3 -1 3 3 1 2 1 -1 -1 -1 2 3 -1 3 3 -1 2 2 -1 -1 -1 -1 -1 -1 -1 -1 -1 -1 3 -1 3 3 -1 1 -1 -1 -1 -1 -1 2 -1 -1 3 2 1 3 -1 1 -1 -1 3 -1 2 -1 1 2 -1 2 -1 3 -1 -1 -1 -1 -1 -1 -1 1 -1 -1 3 -1 -1 -1 -1 -1 2 2 -1 2 -1 -1 2 -1 -1 -1 2 0 3 -1 2 -1 -1 -1 -1 2 -1 1 -1 -1 2 1 -1 2 -1 2 3 -1 -1 0 -1 -1 -1 -1 2 3 -1 3 -1 -1 2 2 2 3 -1 -1 2 -1 -1 2 1 1 2 2 2 -1 2 -1 -1 -1 -1 -1 -1 2 -1 -1 2 3 -1 2 -1 3 -1 -1 -1 2 -1 -1 -1 2 -1 1 -1 2 0 -1 2 -1 3 -1 -1 1 2 2 -1 3 1 2 -1 -1 1 2 1 -1 -1 -1 3 -1 -1 3 3 2 -1 2 -1 2 1 -1 -1 -1 -1 1 -1 2 1 -1 2 2 3 -1 -1 -1 1 -1 2 -1 1 -1 -1 -1 2 3 -1 -1 -1 2 1 -1 -1 2 -1 3 -1 -1 2 -1 3 3 -1 -1 -1 -1 3 -1 2 1 -1 -1 3 -1 2 3 -1 -1 3 1 2 1 3 0 -1 1 -1 -1 -1 3 -1 -1 -1 -1 -1 -1 1 2 -1 1 -1 2 -1 2 -1 -1 -1 -1 -1 -1 1 -1 2 -1 -1 -1 -1 2 3 -1 1 -1 2 2 1 3 -1 -1 -1 -1 2 -1 2 2 3 -1 3 -1 -1 1 -1 2 -1 -1 3 -1 3 -1 3 1 2 -1 -1 -1 -1 -1 -1 -1 -1 1 -1 -1 2 2 1 2 1 -1 -1 -1 -1 -1 2 -1 2 -1 -1 1 2 2 2 3 -1 -1 2 -1 3 2 -1 -1 -1 -1 2 1 2 3 -1 -1 2 2 -1 3 -1 -1 -1 -1 2 3 -1 -1 -1 -1 -1 2 -1 2 -1 3 -1 -1 -1 2 2 -1 -1 -1 3 -1 -1 1 2 0 -1 -1 3 -1 0 2 -1 -1 1 -1 -1 -1 -1 -1 2 -1 -1 2 -1 3 -1 -1 2 -1 -1 3 -1 -1 -1 2 -1 3 2 -1 3 -1 -1 -1 3 3 3 -1 2 2 -1 2 -1 1 -1 2 1 2 2 1 -1 1 1 -1 1 -1 3 -1 0 -1 1 2 -1 3 -1 -1 -1 2 2 2 2 -1 -1 -1 1 -1 -1 -1 3 -1 0 -1 1 1 -1 -1 -1 -1 -1 -1 -1 2 -1 -1 1 -1 1 2 2 3 -1 -1 -1 2 -1 2 2 -1 3 -1 2 2 2 -1 2 -1 1 -1 -1 -1 3 -1 2 1 2 0 2 1 3 -1 -1 2 -1 1 2 -1 -1 -1 -1 -1 -1 2 -1 2 -1 1 -1 -1 2 -1 -1 -1 2 -1 3 -1 3 -1 2 2 2 2 -1 -1 1 -1 -1 -1 -1 3 2 2 -1 3 2 -1 -1 -1 -1 -1 -1 -1 -1 -1 2 -1 -1 2 -1 2 -1 -1 -1 -1 -1 -1 2 -1 2 -1 -1 -1 2 2 2 -1 -1 1 -1 -1 -1 2 3 -1 2 3 0 2 2 -1 -1 -1 2 2 -1 -1 -1 -1 3 -1 -1 1 -1 2 -1 3 -1 3 -1 2 2 0 2 2 -1 -1 3 -1 2 -1 -1 2 -1 2 -1 -1 2 3 -1 -1 -1 0 -1 2 -1 3 -1 -1 -1 -1 2 2 1 -1 -1 1 2 2 2 0 -1 2 -1 -1 2 -1 -1 -1 -1 2 3 3 -1 -1 2 -1 -1 -1 2 3 -1 2 1 -1 -1 3 1 -1 -1 -1 -1 -1 3 -1 1 3
25 30 -1 3 -1 3 -1 1 -1 -1 -1 -1 -1 -1 3 -1 -1 -1 -1 -1 2 3 -1 -1 2 2 -1 3 -1 1 1 2 -1 -1 -1 2 -1 1 -1 1 -1 1 -1 3 -1 -1 -1 -1 2 3 -1 -1 -1 -1 -1 3 2 -1 2 2 0 -1 -1 -1 1 2 2 -1 2 3 2 1 -1 1 -1 3 3 3 2 2 -1 1 -1 -1 -1 3 -1 -1 2 2 3 2 -1 3 2 -1 2 -1 3 -1 -1 -1 -1 3 -1 -1 2 -1 -1 -1 -1 -1 2 -1 2 -1 2 1 2 -1 -1 2 -1 3 2 -1 -1 -1 -1 -1 -1 3 -1 -1 3 -1 -1 -1 3 -1 2 1 -1 2 -1 3 -1 -1 -1 -1 2 -1 -1 3 -1 -1 2 -1 -1 1 3 -1 1 2 1 -1 -1 1 -1 1 -1 1 -1 -1 -1 -1 -1 3 2 -1 2 1 1 3 -1 -1 -1 -1 -1 -1 -1 -1 -1 2 -1 -1 1 1 2 1 3 -1 -1 2 -1 -1 -1 2 -1 -1 -1 2 3 2 -1 -1 -1 -1 1 -1 -1 3 -1 -1 -1 3 -1 3 -1 2 1 -1 -1 -1 -1 1 -1 -1 -1 -1 -1 2 3 -1 2 3 1 -1 -1 1 -1 -1 -1 2 -1 -1 2 -1 3 -1 -1 -1 -1 3 -1 -1 2 -1 3 -1 3 1 -1 -1 2 2 -1 -1 3 -1 3 2 -1 2 -1 -1 2 -1 -1 -1 -1 1 -1 1 2 -1 2 2 2 -1 -1 3 3 0 -1 -1 -1 -1 3 -1 -1 1 -1 1 -1 3 2 -1 -1 -1 -1 -1 1 -1 -1 0 -1 -1 -1 3 -1 2 -1 -1 -1 2 -1 2 -1 -1 0 -1 -1 2 2 -1 -1 -1 1 -1 2 3 -1 -1 2 3 -1 3 2 -1 3 -1 -1 -1 -1 2 -1 2 -1 3 -1 -1 -1 2 -1 1 -1 -1 2 -1 -1 -1 -1 -1 -1 -1 -1 3 1 -1 1 -1 2 -1 -1 3 -1 -1 -1 -1 2 2 -1 3 -1 2 2 -1 -1 3 -1 -1 -1 -1 -1 2 -1 2 -1 -1 1 2 2 2 2 -1 -1 1 -1 -1 1 2 0 -1 -1 -1 -1 2 1 3 -1 -1 2 -1 2 2 -1 1 -1 1 2 -1 2 2 -1 3 -1 -1 -1 -1 -1 2 3 -1 -1 0 -1 1 -1 2 -1 -1 -1 -1 -1 -1 3 3 -1 -1 -1 -1 2 2 2 -1 2 -1 0 3 -1 3 2 -1 -1 -1 2 1 2 -1 1 -1 2 -1 -1 3 -1 1 -1 -1 2 2 -1 2 -1 -1 -1 1 -1 2 2 -1 -1 3 2 -1 2 2 -1 1 1 -1 -1 3 -1 -1 -1 -1 3 2 -1 -1 2 -1 -1 0 2 -1 1 3 2 2 2 -1 2 3 2 1 -1 -1 3 2 -1 -1 -1 2 -1 -1 -1 3 -1 -1 3 -1 -1 2 2 -1 1 -1 -1 2 3 -1 1 3 0 -1 1 2 -1 2 2 -1 -1 3 -1 -1 -1 3 -1 1 1 2 -1 3 -1 -1 -1 2 -1 2 -1 2 -1 3 3 -1 -1 2 -1 -1 -1 1 2 3 -1 -1 -1 1 2 1 -1 1 2 2 -1 -1 -1 1 2 -1 -1 -1 1 2 -1 -1 2 2 -1 -1 3 -1 -1 2 -1 -1 -1 2 -1 3 -1 -1 -1 -1 -1 3 -1 3 -1 2 1 -1 2 -1 2 3 -1 -1 -1 -1 2 -1 -1 0 -1 2 -1 -1 -1 1 -1 2 -1 -1 -1 2 2 -1 2 2 -1 -1 2 -1 2 -1 2 -1 1 -1 -1 -1 -1 2 2 -1 -1 3 -1 -1 2 -1 -1 2 -1 3 3 2 -1 -1 1 -1 3 2 3 -1 -1 2 2 2 2 -1 -1 1 -1 2 -1 -1 2 3
25 30 3 -1 -1 3 3 -1 -1 2 -1 2 2 -1 -1 0 -1 -1 -1 -1 -1 1 -1 3 -1 -1 2 -1 3 -1 2 1 -1 2 1 -1 3 -1 2 -1 -1 -1 -1 -1 1 2 1 -1 -1 -1 3 -1 1 -1 -1 2 -1 -1 -1 2 1 -1 0 2 -1 -1 -1 -1 1 -1 -1 -1 2 3 1 3 -1 -1 2 -1 1 -1 3 -1 2 -1 3 -1 2 2 -1 -1 2 -1 -1 1 -1 -1 -1 2 -1 2 -1 -1 3 -1 2 -1 3 -1 -1 -1 2 3 -1 1 -1 1 3 -1 -1 2 -1 2 1 2 -1 -1 -1 -1 -1 3 2 -1 -1 1 -1 -1 -1 3 2 -1 -1 -1 2 -1 3 2 3 -1 2 -1 2 1 2 -1 -1 -1 -1 3 -1 3 -1 3 -1 1 2 -1 -1 -1 1 -1 1 -1 -1 -1 3 -1 2 3 0 -1 -1 2 -1 -1 -1 2 -1 2 -1 -1 -1 2 0 -1 -1 -1 2 -1 -1 -1 -1 -1 3 2 -1 -1 -1 2 -1 -1 3 2 2 -1 -1 1 1 0 -1 1 -1 1 1 -1 1 2 -1 1 -1 1 2 -1 1 2 2 3 1 -1 1 -1 -1 -1 -1 -1 2 -1 3 -1 2 -1 2 -1 3 2 2 -1 2 2 -1 0 2 2 -1 1 -1 -1 -1 -1 3 -1 3 -1 -1 1 -1 -1 2 -1 1 -1 2 -1 0 -1 3 2 -1 -1 2 -1 -1 2 -1 -1 1 -1 2 -1 3 2 -1 -1 -1 -1 -1 3 -1 -1 -1 -1 -1 -1 -1 2 -1 3 -1 -1 -1 -1 -1 2 -1 -1 2 -1 2 -1 1 -1 1 -1 -1 -1 2 3 2 1 2 2 -1 -1 -1 2 2 2 -1 -1 2 -1 3 -1 -1 -1 -1 3 -1 1 -1 1 2 1 3 -1 1 -1 2 -1 -1 3 -1 -1 -1 1 -1 -1 3 2 -1 -1 2 -1 2 2 1 3 -1 -1 2 -1 1 1 2 -1 1 -1 -1 2 3 -1 -1 1 -1 2 1 -1 -1 2 -1 -1 -1 3 -1 2 -1 -1 3 -1 3 -1 3 -1 -1 -1 -1 2 3 -1 -1 -1 -1 -1 -1 1 -1 -1 -1 -1 -1 3 2 -1 -1 1 1 -1 2 3 1 -1 1 -1 -1 -1 1 -1 -1 -1 -1 -1 -1 -1 2 -1 -1 -1 -1 -1 -1 2 2 -1 3 2 2 -1 2 1 2 -1 2 -1 -1 2 3 -1 3 1 -1 2 -1 -1 3 -1 2 2 2 -1 2 2 -1 -1 2 -1 -1 -1 3 -1 -1 2 -1 -1 3 2 1 2 0 2 2 1 -1 -1 -1 3 -1 2 1 -1 -1 -1 -1 2 -1 2 3 -1 -1 2 2 -1 3 -1 2 -1 1 -1 1 -1 2 -1 -1 -1 1 -1 -1 1 1 -1 -1 -1 -1 1 -1 -1 -1 -1 -1 2 -1 2 -1 1 3 1 -1 -1 2 1 2 -1 2 1 2 -1 2 -1 2 -1 -1 2 0 1 -1 -1 -1 -1 -1 2 1 -1 -1 -1 -1 -1 2 3 -1 -1 -1 -1 3 -1 3 -1 -1 1 -1 3 3 -1 3 -1 -1 -1 -1 1 2 -1 3 -1 2 -1 2 -1 -1 -1 -1 -1 2 -1 -1 3 -1 -1 -1 2 -1 -1 3 -1 2 3 -1 -1 -1 -1 3 2 2 -1 -1 -1 -1 -1 1 0 -1 -1 -1 3 1 -1 2 -1 1 3 -1 -1 1 -1 1 1 3 1 -1 2 -1 -1 -1 -1 -1 -1 2 -1 -1 -1 1 2 3 -1 3 2 -1 -1 -1 2 -1 2 2 -1 -1 2 -1 1 -1 2 2 3 -1 -1 -1 -1 -1 -1 -1 -1 2 -1 -1 2 3 -1 -1 -1 1 -1 1 -1 3 -1 -1 3 2 -1 -1 3 2 -1 3 -1
25 30 -1 -1 3 -1 3 -1 -1 -1 3 2 -1 -1 -1 2 -1 3 1 2 -1 3 -1 3 1 2 -1 3 -1 2 -1 3 -1 2 -1 -1 -1 2 1 1 2 2 -1 -1 -1 -1 -1 -1 -1 3 -1 -1 3 -1 -1 -1 -1 2 -1 3 -1 2 -1 -1 -1 2 -1 -1 1 -1 -1 -1 2 -1 2 -1 3 -1 -1 -1 2 -1 -1 2 3 -1 3 2 2 -1 2 2 -1 -1 1 3 2 3 -1 -1 -1 -1 -1 3 1 -1 -1 -1 -1 -1 1 -1 2 -1 -1 3 -1 3 1 -1 -1 2 2 -1 1 -1 -1 -1 -1 2 -1 2 3 -1 -1 3 2 1 3 -1 -1 -1 -1 -1 1 -1 -1 -1 -1 1 -1 -1 3 -1 1 -1 -1 3 2 1 -1 -1 1 3 -1 3 2 -1 2 -1 -1 3 -1 2 -1 -1 1 -1 1 2 1 2 -1 -1 2 -1 -1 1 -1 1 3 -1 3 -1 3 -1 2 -1 3 1 -1 -1 2 2 -1 -1 -1 3 1 -1 -1 -1 1 -1 1 3 -1 -1 1 1 2 2 -1 -1 2 2 -1 1 -1 -1 2 2 -1 2 -1 2 -1 -1 2 2 -1 1 1 -1 -1 -1 -1 3 2 2 -1 -1 -1 3 -1 1 -1 -1 1 2 1 2 -1 1 2 2 -1 -1 3 -1 -1 -1 -1 -1 1 2 -1 2 2 2 -1 -1 -1 2 -1 2 -1 -1 -1 2 -1 3 -1 -1 -1 2 2 1 2 -1 -1 -1 -1 -1 -1 -1 -1 3 -1 -1 -1 3 -1 -1 -1 -1 -1 -1 -1 2 3 -1 2 -1 3 -1 -1 -1 -1 -1 -1 2 -1 -1 -1 1 -1 -1 2 -1 2 1 -1 -1 -1 1 3 -1 1 2 -1 3 2 -1 2 2 1 -1 -1 2 1 3 1 1 -1 -1 -1 -1 -1 -1 3 -1 1 2 -1 -1 2 1 -1 2 -1 -1 -1 -1 -1 -1 -1 2 -1 2 2 -1 -1 -1 -1 2 1 -1 -1 -1 -1 -1 3 -1 -1 -1 -1 2 -1 -1 -1 2 3 2 1 -1 -1 -1 1 3 -1 -1 2 -1 -1 1 -1 -1 1 2 -1 2 -1 2 1 3 -1 -1 -1 -1 1 2 -1 -1 2 3 -1 -1 -1 1 2 -1 -1 -1 2 -1 -1 -1 3 -1 -1 1 -1 -1 2 2 -1 2 -1 -1 -1 2 -1 -1 1 2 -1 -1 -1 2 3 1 -1 0 -1 -1 3 2 3 -1 3 3 -1 -1 -1 1 2 -1 -1 2 -1 3 -1 -1 -1 -1 -1 -1 -1 -1 2 1 -1 -1 -1 -1 -1 1 -1 -1 -1 -1 2 3 -1 -1 -1 -1 3 3 -1 -1 2 -1 -1 2 -1 -1 3 3 2 3 3 -1 -1 1 -1 1 -1 0 2 -1 -1 -1 -1 1 -1 -1 -1 2 -1 -1 -1 2 1 2 -1 -1 0 -1 -1 -1 1 3 1 -1 -1 1 3 1 -1 -1 -1 3 -1 -1 -1 3 -1 -1 -1 2 3 -1 3 -1 -1 2 -1 2 -1 2 -1 -1 2 -1 -1 3 -1 3 -1 2 2 -1 -1 -1 1 2 -1 -1 -1 -1 -1 2 -1 -1 3 1 -1 -1 -1 -1 -1 2 -1 -1 3 -1 -1 3 -1 -1 2 -1 2 2 -1 2 -1 2 -1 3 -1 3 -1 -1 -1 -1 -1 -1 2 2 -1 -1 -1 -1 2 1 2 3 1 -1 -1 3 2 -1 -1 2 -1 -1 -1 2 3 1 2 -1 -1 1 -1 2 -1 3 -1 2 -1 -1 -1 -1 -1 1 -1 1 3 2 2 -1 1 -1 2 -1 -1 2 1 3 -1 -1 3 2 3 2 -1 1 3 2 2 2 -1 3 1 -1 -1 -1 2 3 2 -1 -1 3 -1 3 -1 -1 -1 3 -1 3 -1 3 1 -1 -1 -1
